Center_Line
	224.8 757.69 
	257.77 782.61 
	314.23 794.36 
	386.8 809.8 
	454.63 815.2 
506.93 823.35

Lower_Line
	224.8 834.62 
	257.77 835.38 
	314.23 830.07 
	386.8 826.76 
	454.63 831.87 
506.93 831.87
</g
Upper_Line
	224.8 775.13 
	257.77 772.28 
	314.23 781.38 
	386.8 773.71
	454.63 773.71 
506.93 767.36


Center_Line
	224.8 756.98 
206.25 838.69
	260.42 769.86 
246.3 837.75
	317.38 779.58 
306.98 828.42
	389.85 771.43 
385.32 828.42
	461.32 772.28 
451.77 833.58

Center_Line
	260.51 770.53 
245.25 837.75
	317.42 779.77 
307.12 829.32
	394.52 775.13 
383.18 828.42
	457.93 773.71 
453.15 833.82
	516.14 771.43 
505.41 831.87
