Center_Line
	536.5 599.5 
	573.5 604.5 
	615.5 612.5
	664.5 628.5
	705.5 651.5
	727.5 660.5
	748.5 657.5 
	773.5 660.5 
	818.5 650.5 
	859.5 643.5
	887.5 641.5 
	913.5 641.5
	934.5 634.5 
	957.5 637.5 
	1001.5 626.5 
1031.5 641.5

</g
Lower_Line
	536.5 588.5 
	573.5 616.5
	615.5 650.5
	664.5 670.5
	705.5 670.5
	727.5 655.5
	748.5 652.5
	773.5 652.5 
	818.5 657.5
	859.5 655.5 
	887.5 643.5 
	913.5 634.5 
	934.5 628.5 
	957.5 631.5 
	1001.5 647.5 
1031.5 655.5
</g


Upper_Line
	519.5 546.5 
	536.5 549.5 
	573.5 555.5 
	615.5 563.5 
	664.5 538.5 
	705.5 528.5 
	727.5 520.5 
	748.5 518.5 
	773.5 510.5 
	818.5 497.5 
	859.5 599.5 
	887.5 504.5 
	913.5 531.5 
	934.5 538.5 
	957.5 531.5 
1001.5 524.5 
1031.5 487.5 	


Center_Line
	 543.12 553 
537 598.3
	 584.19 551 
572.57 612
	 639.01 540 
603.42 649
	 726.43 519 
644.52 665
	 761.55 514
 696.5 673
	 708.93 527 
728 660.5
	 766.46 512 
749 657.5
	 742.39 520 
773.5 660
	 795.35 512 
820.45 659
	 856.75 598 
860.75 654
	 887.5 594 
887.5 641
	 870.83 512 
914 641.5
	 948.37 532 
935 634.5
	 932.25 536 
957.5 637
	 1092 445 
992 645

Center_Line
	 580.66 552 
572.55 612
	 629.4 543 
609.6 647
	 696.35 532 
651.61 669
	 786.5 508 
695.62 670
	 789.16 510 
728 659.5
	 728.93 520 
748.5 657
	 791.82 512 
774 660.5
	 787.78 510 
820.89 659
	 849.26 583 
861.21 653
	 884.5 599 
887.5 641
	 913.5 530 
913.5 641
	 890.83 503 
934.5 634
	 970.98 537 
958 636.5
	 978.38 535 
1006.13 646
	 1132.75 440 
1027.25 651
