Center_Line
	608.73 483.99 
	544.81 478.31 
	504.14 467.32 
	436.18 465.67 
	381.11 449.76 
	314.92 430.43 
	252.83 417.76 
	213.11 405.42 
	169.21 385.67 
	115.4 373.04 
	76.68 341.25 
52.25 322.51

Lower_Line
	608.73 596.28 
	544.81 570.01 
	504.14 551.82 
	436.18 554.98 
	381.11 532.12 
	314.92 546.39 
	252.83 516.33 
	213.11 518.56 
	169.21 495.11 
	115.4 479.95 
	76.68 474.64 
52.25 468.35

Upper_Line
	608.73 471.48 
	544.81 473.76 
	504.14 444.71 
	436.18 453.29 
	381.11 444.71 
	314.92 421.08 
	252.83 395.02 
	213.11 403.91 
	169.21 376.58 
	115.4 366.77 
	76.68 369.5 
52.25 365.51


Center_Line
	536.35 573.42 
545.14 474.64
	479.38 558.95 
511.85 438.77
	434.01 555.55 
436.44 454.71
	356.35 535.43 
383.19 442.56
	286.62 527.34 
316.77 424.09
	230.54 527.27 
256.97 397.84
	182.03 505.51 
213.58 403.91
	125.09 483.74 
174.2 374.6
	86.55 483.99
 118.37 365.34
	-12.9 449.76 
76.68 340.64
	-24.12 419.74
 52.25 322.51


Center_Line
	599.54 587.32 
609.64 473.76
	522.93 559.27
 545.8 474.64
	502.02 554.98
 504.73 442.66
	410.11 556.75 
438.73 457.72
	355.99 535.78 
383.18 442.66
	294.64 529.72 
316 425.13
	221.19 519.69 
258.51 399.46
	172.43 495.81 
213.11 405.42
	142.78 498.26 
171.75 374.85
	37.53 467.9 
121.59 365.51
	-9.72 452.52 
76.68 339.84
