<g id=Center_Line>
	441.5 360.5 
	441.5 360.5 
	452.5 362.5 
	463.5 362.5
	488.5 360.5 
	516.5 354.5
	530.5 350.5
	532.5 350.5 
	534.5 350.5
	539.5 347.5
	542.5 344.5
	544.5 344.5 
	551.5 344.5 
	566.5 344.5 
	580.5 344.5 
	607.5 340.5 
	636.5 337.5 
	654.5 340.5 
	659.5 340.5 
	669.5 337.5 
	677.5 337.5 
	689.5 337.5 
	701.5 337.5 
	710.5 337.5
	731.5 347.5 
	747.5 350.5 
	765.5 352.5 
	790.5 352.5 
	814.5 350.5 
	830.5 347.5 
	845.5 347.5 
	860.5 347.5 
	892.5 344.5 
	914.5 344.5 
	937.5 343.5 
	960.5 343.5 
	966.5 345.5 
	977.5 345.5 
	979.5 348.5 
	989.5 351.5 
	989.5 351.5 
	989.5 351.5 
	989.5 351.5 
	989.5 351.5 
	989.5 351.5 
989.5 351.5 
993.5 351.02
	1010.5 351.5 
1039.5 351.5

<g id=Lower_Line>
	413.5 403.5 
	441.5 399.5 
	452.5 396.5 
	463.5 399.5
	488.5 405.5 
	516.5 408.5 
	530.5 416.5 
	532.5 417.5 
	534.5 417.5
	539.5 419.5 
	542.5 419.5 
	544.5 419.5 
	551.5 419.5 
	566.5 405.5
	580.5 408.5 
	607.5 394.5 
	636.5 422.5
	654.5 422.5 
	659.5 411.5 
	669.5 413.5 
	677.5 419.5
	689.5 405.5 
	701.5 405.5
	710.5 380.5
	731.5 401.5
	747.5 396.5
	765.5 401.5
	790.5 407.5
	814.5 407.5
	830.5 394.5
	845.5 405.5
	860.5 411.5
	892.5 411.5
	914.5 403.5
	937.5 410.5
	960.5 406.5
	966.5 406.5
	977.5 406.5
	979.5 409.5
	989.5 423.5
	989.5 423.5
	989.5 423.5 
	989.5 423.5 
	989.5 423.5 
	989.5 423.5 
	993.5 422.5
	1010.5 427.5 
1039.5 418.5
</g>

<g id=Upper_Line>
	413.5 313.5
	441.5 325.5
	452.5 327.5 
	463.5 327.5 
	488.5 322.5
	516.5 325.5
	530.5 330.5
	532.5 330.5
	534.5 330.5 
	539.5 327.5 
	542.5 323.5
	544.5 323.5 
	551.5 325.5 
	566.5 335.5 
	580.5 330.5 
	607.5 327.5 
	636.5 325.5 
	654.5 325.5
	659.5 330.5
	669.5 327.5
	677.5 325.5 
	689.5 330.5 
	701.5 330.5
	710.5 332.5 
	731.5 330.5 
	747.5 332.5 
	765.5 322.5 
	790.5 320.5 
	814.5 332.5 
	830.5 327.5 
	845.5 323.5 
	860.5 327.5 
	892.5 330.5 
	914.5 332.5
	937.5 323.5
	960.5 328.5 
	966.5 333.5 
	979.5 338.5 
	987.5 343.5 
	989.5 345.5 
	989.5 345.5 
	989.5 345.5 
	989.5 345.5 
	989.5 345.5 
989.5 345.5 
	993.5 345.5 
	1010.5 341.5 
1039.5 336.5
</g>


<g id=Center_Line>
	 409.54 408 
416.25 314
	 447.77 325 
434.14 400
	 452.5 326.69 
452.5 396.14
	 460.5 325 
466.66 402
	 481.89 330 
498.61 408
	 508.14 326 
534.71 419
	 530.5 332 
530.5 416
	 532.5 416 
532.5 333
	 522.43 329 
565.98 407
	 520.5 329 
589 397.5
	 542.5 420 
542.5 324
	 544.5 323 
544.5 420
	 551.5 344 
551.5 419
	 566.5 338 
566.5 404.72
	 578.5 331 
588.28 397
	 606.08 329 
613.91 400
	 623 416 
637.83 327
	 654.5 421 
654.5 325
	 681.5 416 
654.2 325
	 669.5 414 
669.5 327
	 677.5 419 
677.5 325
	 689.5 405 
689.5 332
	 701.5 405 
701.5 330
	 673 416.25 
710 338.55
	 723.31 389 
734.38 330
	 740.94 405 
748.72 335
	 765.5 402 
765.5 322
	 794.38 405 
787.21 319
	 823.94 404 
811.19 336
	 830.5 394 
830.5 327
	 845.5 407 
845.5 338
	 869.53 407 
858 329
	 892.5 411 
892.5 331
	 917.46 413 
914 333.5
	 937.5 410 
937.5 323
	 937.83 410 
964.5 330
	 966.5 405 
966.5 333
	 878 411 
983.64 340.58
	 956.13 409 
982.38 339
	 993.5 421 
993.5 348
	 1010.5 426 
1010.5 341


Center_Line
	 438.53 400 
443.88 325
	 459.56 322 
445.92 397
	 463.5 328 
463.5 400
	 485.03 325 
491.67 408
	 510 324.66 
529.36 415
	 524.26 329 
550.26 420
	 532.5 331 
532.5 417
	 534.5 418 
534.5 331
	 530 331.59 
572.66 408
	 530 331.98 
594 395.98
	 544.5 421 
544.5 324
	 551.5 323 
551.5 418
	 566.5 336 
566.5 405
	 580.5 329 
580.5 408
	 603.11 315 
615.99 402
	 634.36 323.34 
644.77 424
	 640.17 426 
656.67 327
	 659.5 411 
659.5 330
	 690.11 407 
666.11 327
	 677.5 420 
677.5 325
	 689.5 405 
689.5 330
	 701.5 405.57
 701.5 330
	 710.5 381 
710.5 338
	 716 378.55 
739.12 330
	 736.83 407 
750.7 333
	 758.84 411 
768.73 322
	 790.5 407 
790.5 322
	 819.16 409
 813 335
	 839.95 399 
827.2 331
	 845.5 406.74 
845.5 338
	 860.5 411 
860.5 327
	 898.66 411 
890.86 327.84
	 914.5 403.09 
914.5 333
	 939.78 410 
936.08 325
	 960.5 407 
960.5 326
	 944.14 411 
969.81 334
	 977.5 407 
977.5 336
	 880 413.41 
983.9 344.15
	 972.3 407 
994 349.13
	 1010.5 426 
1010.5 341
	 1039.5 417 
1039.5 337
